function [g0, g1] = Eeq_neg_Tanim(sto, P)

g0 = 0.1493 + 0.8493*exp(-61.79*sto) + 0.3824*exp(-665.8*sto) ...
    - exp(39.42*sto - 41.92) - 0.03131*atan(25.59*sto - 4.099) ...
    - 0.009434*atan(32.49*sto-15.74);