function [g0, g1] = Eeq_pos(sto, P)
stretch = 1.062;
sto = stretch.*sto;
    
g0 = 2.16216+0.07645.*tanh(30.834-54.4806.*sto) ...
       + 2.1581.*tanh(52.294-50.294.*sto) ...
       - 0.14169.*tanh(11.0923-19.8543.*sto) ...
       + 0.2051.*tanh(1.4684-5.4888.*sto) ...
       + 0.2531.*tanh((-sto+0.56478)./0.1316) ...
       - 0.02167.*tanh((sto-0.525)./0.006);
   
g1 = 0.07645.*(-54.4806./P.csmax_pos) ...
       .* ((1./cosh(30.834-54.4806.*sto)).^2) ...
       + 2.1581.*(-50.294./P.csmax_pos).*((cosh(52.294-50.294.*sto)).^(-2)) ...
       + 0.14169.*(19.854./P.csmax_pos).*((cosh(11.0923-19.8543.*sto)).^(-2)) ...
       - 0.2051.*(5.4888./P.csmax_pos).*((cosh(1.4684-5.4888.*sto)).^(-2)) ...
       - 0.2531./0.1316./P.csmax_pos.*((cosh((-sto+0.56478)./0.1316)).^(-2)) ...
       - 0.02167./0.006./P.csmax_pos.*((cosh((sto-0.525)./0.006)).^(-2));